synthetic_promoter	Rho_basal_wt	Rho_basal_crxnull	hsp68_basal_wt	NRL_motif	CRX_affinity_score
basal_only	0.109010529	0.02826388	0.021857402	0	0
c	0.559031087	0.430122129	0.02361364	0	0.9998766
C	0.570656982	0.403284654	0.094921744	0	0.9998766
n	0.556231104	0.259192182	0.011144068	1	0
N	0.56610396	0.191592306	0.031880715	1	0
r	0.056305082	0.02772577	0.005780551	0	0.9834506
R	0.304677244	0.178392926	0.018395707	0	0.9834506
x	0.201201891	0.07996221	0.01841972	0	0.07495701
X	0.508807463	0.358071246	0.010679601	0	0.07495701
cc	0.485923836	1.47953138	0.274880055	0	1.9997532
cC	0.783183435	1.072848182	0.175057459	0	1.9997532
Cc	0.71360422	1.559489251	0.243132805	0	1.9997532
CC	0.520750379	1.200849286	0.399291453	0	1.9997532
cn	2.24417764	1.406209453	0.094854613	1	0.9998766
cN	1.957457418	1.150789136	0.116060746	1	0.9998766
Cn	2.186210831	1.461819823	0.068311893	1	0.9998766
CN	2.626150036	1.740058043	0.111688265	1	0.9998766
cr	0.399080294	0.979485442	0.061985978	0	1.9833272
cR	0.39310107	0.645879194	0.017079393	0	1.9833272
Cr	0.296716812	0.645515773	0.062297899	0	1.9833272
CR	0.386023296	1.009821395	0.10931381	0	1.9833272
cx	0.526578864	0.506856423	0.020919119	0	1.07483361
cX	0.331544441	0.2609321	0.009244996	0	1.07483361
Cx	0.337929817	0.297063747	0.029771831	0	1.07483361
CX	0.6228893	0.608686309	0.02129891	0	1.07483361
nc	2.324386636	1.640985689	0.159414028	1	0.9998766
nC	1.657796878	0.986896607	0.092005953	1	0.9998766
Nc	2.438452604	1.50712699	0.044482134	1	0.9998766
NC	1.689558851	1.19244836	0.096124354	1	0.9998766
nn	0.815797487	0.255057294	0.085157024	2	0
nN	0.615465392	0.256635657	0.039835218	2	0
Nn	0.416950903	0.109399179	0.013200843	2	0
NN	0.968128372	0.327565122	0.032676799	2	0
nr	0.625782596	0.262653142	0.067870925	1	0.9834506
nR	0.701507215	0.368201425	0.017114129	1	0.9834506
Nr	0.316017023	0.131274428	0.011603901	1	0.9834506
NR	0.812190752	0.422864506	0.012614323	1	0.9834506
nx	0.33680993	0.133766309	0.013110257	1	0.07495701
nX	0.640198887	0.312815764	0.014622431	1	0.07495701
Nx	0.213038632	0.067896267	0.019026993	1	0.07495701
NX	0.858549415	0.360384493	0.050974348	1	0.07495701
rc	0.25659534	0.955968027	0.041712324	0	1.9833272
rC	0.194130961	0.317516145	0.017843518	0	1.9833272
Rc	0.403139891	0.835033625	0.027521834	0	1.9833272
RC	0.598827885	1.010722729	0.221661506	0	1.9833272
rn	0.416515377	0.201874606	0.03765407	1	0.9834506
rN	0.257503377	0.123724803	0.015786175	1	0.9834506
Rn	0.491124164	0.203282854	0.015371857	1	0.9834506
RN	0.980144257	0.458062468	0.018302727	1	0.9834506
rr	0.121750106	0.176784341	0.008944308	0	1.9669012
rR	0.011505977	0.010287219	0.006148274	0	1.9669012
Rr	0.201690626	0.409219158	0.049255876	0	1.9669012
RR	0.307075471	0.484062843	0.031065416	0	1.9669012
rx	0.10457968	0.075361754	0.006923459	0	1.05840761
rX	0.065898555	0.048937322	0.008960313	0	1.05840761
Rx	0.245154608	0.21314456	0.03108971	0	1.05840761
RX	0.280897346	0.259522783	0.041987582	0	1.05840761
xc	0.634066654	0.653569795	0.028390806	0	1.07483361
xC	0.494386173	0.404904072	0.052050306	0	1.07483361
Xc	0.821036473	0.866738953	0.01426862	0	1.07483361
XC	1.137701155	1.113335934	0.141387845	0	1.07483361
xn	0.941346305	0.46955959	0.049984543	1	0.07495701
xN	0.787191234	0.371783957	0.02095716	1	0.07495701
Xn	0.47934979	0.169276008	0.021258115	1	0.07495701
XN	0.765861037	0.322212277	0.026453217	1	0.07495701
xr	0.194350187	0.213169748	0.015844515	0	1.05840761
xR	0.167096725	0.127652289	0.012354743	0	1.05840761
Xr	0.337227429	0.359894478	0.037612252	0	1.05840761
XR	0.309180717	0.230745422	0.058335866	0	1.05840761
xx	0.308393067	0.234624714	0.043605065	0	0.14991402
xX	0.23279702	0.120262276	0.126116469	0	0.14991402
Xx	0.274340549	0.174941641	0.021546874	0	0.14991402
XX	0.624469015	0.507960577	0.014421269	0	0.14991402
ccc	0.102794312	1.782966304	1.899748062	0	2.9996298
ccC	0.227686659	1.640838474	1.697874385	0	2.9996298
cCc	0.267943018	2.086757826	1.436810077	0	2.9996298
cCC	0.211072042	1.619952383	1.470767959	0	2.9996298
Ccc	0.15362086	1.830854328	2.410079205	0	2.9996298
CcC	0.342785374	1.690082679	1.83481737	0	2.9996298
CCc	0.174071987	1.671927796	2.769245247	0	2.9996298
CCC	0.106287671	1.251950158	2.507980149	0	2.9996298
ccn	3.222702753	2.538507638	2.619735893	1	1.9997532
ccN	2.762938855	2.127488064	3.083146713	1	1.9997532
cCn	2.996307755	2.370210568	1.687361392	1	1.9997532
cCN	3.425945535	2.843997597	3.107816543	1	1.9997532
Ccn	3.46973679	2.662531724	2.583550651	1	1.9997532
CcN	3.687902101	2.701901659	3.636801697	1	1.9997532
CCn	3.615006706	2.84513928	3.31984471	1	1.9997532
CCN	3.325794888	2.861626449	5.394363659	1	1.9997532
ccr	0.117302201	1.695127355	1.316972038	0	2.9832038
ccR	0.205820917	1.701803677	1.095194383	0	2.9832038
cCr	0.182913301	1.452200815	0.467514269	0	2.9832038
cCR	0.181092959	1.599997675	1.151842873	0	2.9832038
Ccr	0.154239094	1.678399725	1.152968098	0	2.9832038
CcR	0.324993903	1.882886599	1.181067569	0	2.9832038
CCr	0.11460573	1.335673237	0.510199187	0	2.9832038
CCR	0.09379873	1.549029589	2.521414513	0	2.9832038
ccx	0.398783229	1.683337261	0.540085784	0	2.07471021
ccX	0.366062385	1.245328169	0.22140037	0	2.07471021
cCx	0.388966392	1.109258866	0.227860516	0	2.07471021
cCX	0.968187698	1.798833351	0.276997573	0	2.07471021
Ccx	0.702556493	2.078362684	0.369222984	0	2.07471021
CcX	0.445971368	1.070194758	0.173647017	0	2.07471021
CCx	0.261712452	0.95429933	0.387515214	0	2.07471021
CCX	0.401528573	1.66501769	0.631530867	0	2.07471021
cnc	2.500537968	1.984114725	1.3134925	1	1.9997532
cnC	2.488240379	1.759828788	1.255975316	1	1.9997532
cNc	2.477736224	1.972490041	0.889139099	1	1.9997532
cNC	2.617593804	1.815259646	1.120250984	1	1.9997532
Cnc	3.168623662	2.67660408	1.562137748	1	1.9997532
CnC	3.025820026	2.057950874	1.759401654	1	1.9997532
CNc	2.881592241	2.50012711	2.058093906	1	1.9997532
CNC	3.161023085	2.381124803	2.553626849	1	1.9997532
cnn	1.574449253	0.651104894	0.145365169	2	0.9998766
cnN	1.389331738	0.459629623	0.182726863	2	0.9998766
cNn	1.061693328	0.402705701	0.146101051	2	0.9998766
cNN	1.595099536	0.660456099	0.159625459	2	0.9998766
Cnn	1.614579103	0.638340162	0.128576954	2	0.9998766
CnN	1.523211078	0.525417083	0.177995274	2	0.9998766
CNn	1.434314301	0.558420322	0.11540177	2	0.9998766
CNN	1.889676524	0.81582581	0.28109219	2	0.9998766
cnr	1.738333273	1.122547484	0.053244554	1	1.9833272
cnR	1.754610578	1.192942764	0.09757328	1	1.9833272
cNr	1.536128455	1.032448379	0.056582519	1	1.9833272
cNR	1.635183226	1.188260684	0.110680077	1	1.9833272
Cnr	1.859457696	1.104187886	0.078706244	1	1.9833272
CnR	1.984400278	1.303271255	0.314881058	1	1.9833272
CNr	2.240128705	1.573228081	0.126820586	1	1.9833272
CNR	2.815665167	2.031734742	0.559054109	1	1.9833272
cnx	1.461993959	0.777104009	0.038021125	1	1.07483361
cnX	2.049826064	1.19256471	0.165239968	1	1.07483361
cNx	0.932439314	0.413228491	0.038296079	1	1.07483361
cNX	2.130881363	1.182930814	0.137717114	1	1.07483361
Cnx	1.521429697	0.79789625	0.062748747	1	1.07483361
CnX	2.177785649	1.224412154	0.129428254	1	1.07483361
CNx	1.371136546	0.842722866	0.051445162	1	1.07483361
CNX	2.331414864	1.52565962	0.174960163	1	1.07483361
crc	0.098728334	1.46839739	1.643135337	0	2.9832038
crC	0.275630077	1.593136669	1.192755032	0	2.9832038
cRc	0.155667186	1.287482951	0.093234686	0	2.9832038
cRC	0.245393409	1.529867942	1.080162725	0	2.9832038
Crc	0.078441844	1.231047165	0.427161585	0	2.9832038
CrC	0.239223937	1.21412926	0.359143412	0	2.9832038
CRc	0.100543197	1.380825249	0.295811113	0	2.9832038
CRC	0.206464953	1.610612221	1.998724646	0	2.9832038
crn	2.30739758	1.789077226	0.902290145	1	1.9833272
crN	2.87969932	1.997787753	1.17419654	1	1.9833272
cRn	2.141168711	1.456134798	0.150692395	1	1.9833272
cRN	2.325678522	1.554464567	0.259050408	1	1.9833272
Crn	2.473228596	1.766231854	0.119599765	1	1.9833272
CrN	2.519086842	1.844668654	0.136178519	1	1.9833272
CRn	2.923015624	2.432654252	0.798635982	1	1.9833272
CRN	3.085150289	2.209727076	1.266871379	1	1.9833272
crr	0.139204856	1.147512379	0.374628388	0	2.9667778
crR	0.138288381	1.128048585	0.220921738	0	2.9667778
cRr	0.063635229	0.709866087	0.074796577	0	2.9667778
cRR	0.179783184	1.218993556	0.250442691	0	2.9667778
Crr	0.061559303	0.891423801	0.071859881	0	2.9667778
CrR	0.102144418	0.929921807	0.125443611	0	2.9667778
CRr	0.059630002	0.618822595	0.18295544	0	2.9667778
CRR	0.099070425	1.512545399	1.215685744	0	2.9667778
crx	0.314561744	0.98449753	0.116790023	0	2.05828421
crX	0.326622495	0.996508464	0.075179571	0	2.05828421
cRx	0.321758669	0.77388675	0.06889288	0	2.05828421
cRX	0.337711689	0.967388157	0.04697358	0	2.05828421
Crx	0.278449799	0.749307121	0.12162112	0	2.05828421
CrX	0.282892244	0.847347154	0.050903517	0	2.05828421
CRx	0.181596123	0.632758434	0.072679674	0	2.05828421
CRX	0.338576188	1.398444813	0.217003152	0	2.05828421
cxc	0.310481139	1.615410292	0.261490334	0	2.07471021
cxC	0.370276273	0.944836783	0.26856504	0	2.07471021
cXc	0.203178853	1.036314988	0.146921865	0	2.07471021
cXC	0.394914629	0.9454832	0.310607327	0	2.07471021
Cxc	0.28464922	1.370257617	0.205216744	0	2.07471021
CxC	0.261608801	0.814577533	0.243571753	0	2.07471021
CXc	0.226136476	1.251582239	0.152998368	0	2.07471021
CXC	0.475358374	1.355013641	0.501122548	0	2.07471021
cxn	2.393128524	1.554045572	0.193907062	1	1.07483361
cxN	2.420963273	1.562364982	0.272402455	1	1.07483361
cXn	1.136819318	0.567974935	0.032802247	1	1.07483361
cXN	1.792651642	1.068302719	0.108501048	1	1.07483361
Cxn	2.512946795	1.659496557	0.218633081	1	1.07483361
CxN	2.491521708	1.634360874	0.239085607	1	1.07483361
CXn	1.596487182	0.915364838	0.081547066	1	1.07483361
CXN	2.218585751	1.404365179	0.159405328	1	1.07483361
cxr	0.138505335	0.803133059	0.023906164	0	2.05828421
cxR	0.263406729	0.648082164	0.037551483	0	2.05828421
cXr	0.129554334	0.676768953	0.086042329	0	2.05828421
cXR	0.193986815	0.50529409	0.026632201	0	2.05828421
Cxr	0.180927077	0.990662387	0.086761931	0	2.05828421
CxR	0.270387163	0.607162009	0.06266892	0	2.05828421
CXr	0.25385006	1.127636539	0.078836874	0	2.05828421
CXR	0.232871427	0.884763212	0.080533008	0	2.05828421
cxx	0.925303931	1.088529912	0.070639448	0	1.14979062
cxX	0.826912531	0.727890503	0.025817095	0	1.14979062
cXx	0.285678218	0.381353192	0.06991436	0	1.14979062
cXX	0.7701343	0.896443718	0.024571322	0	1.14979062
Cxx	0.676326602	1.019848242	0.075740343	0	1.14979062
CxX	0.493700599	0.571965379	0.046970274	0	1.14979062
CXx	0.473373076	0.554161371	0.032554731	0	1.14979062
CXX	0.835007508	1.091626146	0.020544373	0	1.14979062
ncc	2.843714543	2.709412523	4.047028329	1	1.9997532
ncC	2.741879189	2.2679776	2.685930498	1	1.9997532
nCc	2.867459501	2.229535819	2.664179168	1	1.9997532
nCC	2.138194105	1.738944713	2.28590352	1	1.9997532
Ncc	2.866064144	2.519493425	3.197513716	1	1.9997532
NcC	2.59667763	1.928812489	1.857495553	1	1.9997532
NCc	2.606593227	2.200703545	2.834152858	1	1.9997532
NCC	1.887958922	1.661831385	2.737120608	1	1.9997532
ncn	2.008259119	0.886692595	0.350831116	2	0.9998766
ncN	2.512772153	1.170617985	0.215108953	2	0.9998766
nCn	1.881991033	0.695324493	0.128545939	2	0.9998766
nCN	2.311824309	1.073492437	0.231422633	2	0.9998766
Ncn	2.176001996	0.983123562	0.184933504	2	0.9998766
NcN	1.988965462	0.785014709	0.183764748	2	0.9998766
NCn	2.088289263	0.885216393	0.202080011	2	0.9998766
NCN	2.425447778	1.195939453	0.478159381	2	0.9998766
ncr	2.662901716	2.454402383	1.430651407	1	1.9833272
ncR	2.447497494	2.141169477	1.045920592	1	1.9833272
nCr	2.232675268	1.806450722	0.426187508	1	1.9833272
nCR	2.283412543	1.959185249	1.495649962	1	1.9833272
Ncr	2.167764765	1.992164889	0.716512564	1	1.9833272
NcR	2.109835594	1.736421311	0.698039144	1	1.9833272
NCr	1.910237784	1.679158754	0.637078399	1	1.9833272
NCR	1.760097767	1.76246799	1.885185025	1	1.9833272
ncx	2.352979057	1.653246751	0.265074676	1	1.07483361
ncX	1.976351752	1.406964684	0.128288121	1	1.07483361
nCx	1.814295778	1.095818066	0.130962562	1	1.07483361
nCX	2.358699631	1.458763959	0.168275719	1	1.07483361
Ncx	2.380232981	1.538210108	0.165036913	1	1.07483361
NcX	1.64767013	0.867854242	0.055322296	1	1.07483361
NCx	1.765526916	1.060221764	0.196439793	1	1.07483361
NCX	2.257912816	1.453514617	0.228940767	1	1.07483361
nnc	1.831352075	0.945161183	0.19266978	2	0.9998766
nnC	1.441973303	0.5659897	0.112343115	2	0.9998766
nNc	1.598716207	0.668814537	0.068299778	2	0.9998766
nNC	1.56904008	0.618565847	0.579951702	2	0.9998766
Nnc	1.804226977	0.93472095	0.082629847	2	0.9998766
NnC	1.254845717	0.431816741	0.097466581	2	0.9998766
NNc	1.737608963	0.750857231	0.113054502	2	0.9998766
NNC	1.623253029	0.636091663	0.187258986	2	0.9998766
nnn	0.599419753	0.106183097	0.025374263	3	0
nnN	0.487025693	0.067002158	0.036340097	3	0
nNn	0.341117925	0.046666536	0.016742011	3	0
nNN	0.672722861	0.218119123	0.093744031	3	0
Nnn	0.442898869	0.073615816	0.057424933	3	0
NnN	0.386215924	0.051865861	0.018910426	3	0
NNn	0.360300162	0.043269189	0.015886391	3	0
NNN	0.72964589	0.144422561	0.030939528	3	0
nnr	0.784456189	0.253917323	0.030490586	2	0.9834506
nnR	0.810020578	0.251937747	0.030855124	2	0.9834506
nNr	0.577952307	0.167059619	0.016970484	2	0.9834506
nNR	0.842440725	0.303485845	0.027979717	2	0.9834506
Nnr	0.546270443	0.127656674	0.008688882	2	0.9834506
NnR	0.567030595	0.152502566	0.019731826	2	0.9834506
NNr	0.840664841	0.29136171	0.013239317	2	0.9834506
NNR	1.126181504	0.374038382	0.032183975	2	0.9834506
nnx	0.536476354	0.159776065	0.010599799	2	0.07495701
nnX	0.741349972	0.237318532	0.012257176	2	0.07495701
nNx	0.254056376	0.05744434	0.048744397	2	0.07495701
nNX	0.721843974	0.196607456	0.014620154	2	0.07495701
Nnx	0.329154023	0.06667016	0.011827051	2	0.07495701
NnX	0.475818906	0.085600434	0.011256218	2	0.07495701
NNx	0.320940053	0.11204636	0.012725601	2	0.07495701
NNX	0.953876519	0.263193313	0.104457216	2	0.07495701
nrc	2.415658409	2.112599223	0.650063413	1	1.9833272
nrC	1.654535656	1.299766087	0.258288383	1	1.9833272
nRc	1.644607783	1.358912697	0.069491592	1	1.9833272
nRC	1.827468375	1.519007904	0.950610904	1	1.9833272
Nrc	1.820853461	1.685407691	0.227760088	1	1.9833272
NrC	1.50927759	1.201615825	0.139844583	1	1.9833272
NRc	1.582710899	1.417310091	0.070786856	1	1.9833272
NRC	1.989557593	1.597069249	1.329417652	1	1.9833272
nrn	1.143458688	0.322180218	0.022201864	2	0.9834506
nrN	1.031063476	0.337246995	0.022438296	2	0.9834506
nRn	0.715829866	0.200309394	0.047263251	2	0.9834506
nRN	0.927524941	0.283935624	0.045880406	2	0.9834506
Nrn	0.993966738	0.255981884	0.013971448	2	0.9834506
NrN	0.739122493	0.17035457	0.017262411	2	0.9834506
NRn	0.945884616	0.311683238	0.030057572	2	0.9834506
NRN	1.079256383	0.311122974	0.033007344	2	0.9834506
nrr	0.932325219	0.783877364	0.028621772	1	1.9669012
nrR	0.83193588	0.586837674	0.018216645	1	1.9669012
nRr	1.393455879	1.144660461	0.030514094	1	1.9669012
nRR	1.158038453	1.008253348	0.196230427	1	1.9669012
Nrr	0.671831066	0.689217129	0.052279	1	1.9669012
NrR	0.589461748	0.479696219	0.024800268	1	1.9669012
NRr	1.277159966	1.058274977	0.392293143	1	1.9669012
NRR	1.28839412	1.087033805	0.220800882	1	1.9669012
nrx	0.60550469	0.279056304	0.016076687	1	1.05840761
nrX	0.812506166	0.467703888	0.087917697	1	1.05840761
nRx	0.983746194	0.582421601	0.02855478	1	1.05840761
nRX	1.084409198	0.720210927	0.033288917	1	1.05840761
Nrx	0.413520088	0.16980157	0.028834756	1	1.05840761
NrX	0.403867932	0.187823318	0.015502046	1	1.05840761
NRx	0.925295824	0.506388628	0.033434118	1	1.05840761
NRX	1.266174085	0.800584185	0.027386556	1	1.05840761
nxc	1.96486174	1.363193601	0.093045633	1	1.07483361
nxC	1.669558603	1.015181646	0.148611033	1	1.07483361
nXc	2.051430298	1.61330958	0.152088878	1	1.07483361
nXC	1.768449585	1.264368704	0.371123213	1	1.07483361
Nxc	1.446794776	0.995831679	0.083859721	1	1.07483361
NxC	1.014741866	0.50629861	0.084237233	1	1.07483361
NXc	1.975440574	1.41195909	0.208625273	1	1.07483361
NXC	1.914831757	1.237293874	0.26026604	1	1.07483361
nxn	0.882993238	0.249030158	0.033633237	2	0.07495701
nxN	0.877644721	0.316036179	0.035010177	2	0.07495701
nXn	0.504458216	0.115992183	0.010149745	2	0.07495701
nXN	0.763158719	0.311572611	0.021095664	2	0.07495701
Nxn	0.648741982	0.178968739	0.013523857	2	0.07495701
NxN	0.508376332	0.126993575	0.016686	2	0.07495701
NXn	0.764969821	0.213448197	0.034760308	2	0.07495701
NXN	1.024467507	0.295687771	0.061381957	2	0.07495701
nxr	0.882710534	0.587554265	0.03341585	1	1.05840761
nxR	0.689596803	0.370999673	0.092287757	1	1.05840761
nXr	1.669322556	1.365726566	0.091547867	1	1.05840761
nXR	0.943674706	0.662466895	0.058389417	1	1.05840761
Nxr	0.586805898	0.368969592	0.031666291	1	1.05840761
NxR	0.309225232	0.120525298	0.016892186	1	1.05840761
NXr	2.008223509	1.294728606	0.130854075	1	1.05840761
NXR	1.161841116	0.71697194	0.0746772	1	1.05840761
nxx	0.971194505	0.532844886	0.036492706	1	0.14991402
nxX	0.551243051	0.237651406	0.013128597	1	0.14991402
nXx	0.560133884	0.300980167	0.026913742	1	0.14991402
nXX	1.2387017	0.721100039	0.038072993	1	0.14991402
Nxx	0.595697156	0.285967327	0.048647333	1	0.14991402
NxX	0.314278174	0.109705513	0.011319448	1	0.14991402
NXx	0.748692099	0.368174143	0.102357816	1	0.14991402
NXX	1.38974892	0.655915139	0.04027951	1	0.14991402
rcc	0.069264873	1.288349211	0.436528733	0	2.9832038
rcC	0.155446705	1.258365217	0.306323316	0	2.9832038
rCc	0.117636024	1.206394431	0.115600415	0	2.9832038
rCC	0.089258354	1.052254561	0.103191999	0	2.9832038
Rcc	0.126276355	1.37909749	0.960659856	0	2.9832038
RcC	0.21666783	1.334984301	0.883666519	0	2.9832038
RCc	0.206732774	1.954684085	1.821240543	0	2.9832038
RCC	0.125329883	1.514729522	1.701964919	0	2.9832038
rcn	1.980062467	1.491593734	0.175874084	1	1.9833272
rcN	2.08357202	1.527073673	0.252491653	1	1.9833272
rCn	1.493494343	1.102944605	0.042435412	1	1.9833272
rCN	2.008895476	1.55938219	0.059298224	1	1.9833272
Rcn	2.665630166	2.021673827	0.696759878	1	1.9833272
RcN	2.763167083	1.906433351	0.967606225	1	1.9833272
RCn	2.981057131	2.340514818	0.886893158	1	1.9833272
RCN	3.57287425	2.997426939	2.068372691	1	1.9833272
rcr	0.050131514	0.840948479	0.134475251	0	2.9667778
rcR	0.073803088	0.735639427	0.012744088	0	2.9667778
rCr	0.202079125	0.527319816	0.046288326	0	2.9667778
rCR	0.041166675	0.567108603	0.012637814	0	2.9667778
Rcr	0.092095934	1.127557812	0.156263777	0	2.9667778
RcR	0.118141879	1.146349762	0.100564796	0	2.9667778
RCr	0.115872844	1.149962005	0.151695358	0	2.9667778
RCR	0.102807248	1.358730639	0.904215094	0	2.9667778
rcx	0.125648065	0.857878566	0.092397906	0	2.05828421
rcX	0.216888609	0.569153689	0.023989002	0	2.05828421
rCx	0.078556892	0.381018959	0.021191589	0	2.05828421
rCX	0.192966323	0.580881089	0.006646053	0	2.05828421
Rcx	0.35001135	0.961578986	0.046467676	0	2.05828421
RcX	0.228215879	0.660336882	0.035292582	0	2.05828421
RCx	0.250008361	0.878571998	0.113111096	0	2.05828421
RCX	0.51257557	1.547795835	0.145329126	0	2.05828421
rnc	1.32923472	1.001994148	0.037293992	1	1.9833272
rnC	1.037176585	0.620659046	0.041008636	1	1.9833272
rNc	0.852414306	0.736172791	0.028477473	1	1.9833272
rNC	0.757301681	0.534979278	0.051222022	1	1.9833272
Rnc	2.443872372	1.689758635	0.101200749	1	1.9833272
RnC	1.7878906	1.06662276	0.151114772	1	1.9833272
RNc	2.277422069	1.529006041	0.129727482	1	1.9833272
RNC	2.366960121	1.471399786	0.238872879	1	1.9833272
rnn	0.459970769	0.147779264	0.01298147	2	0.9834506
rnN	0.400482182	0.097616724	0.008006116	2	0.9834506
rNn	0.262314415	0.07622205	0.012128577	2	0.9834506
rNN	0.49908044	0.125919048	0.010165903	2	0.9834506
Rnn	0.717369452	0.202014962	0.018150148	2	0.9834506
RnN	0.700706125	0.198740291	0.027326982	2	0.9834506
RNn	0.677364499	0.168395031	0.053713291	2	0.9834506
RNN	1.047558444	0.315098226	0.025117493	2	0.9834506
rnr	0.26564158	0.158264847	0.029118242	1	1.9669012
rnR	0.143536084	0.057549577	0.008227731	1	1.9669012
rNr	0.132087613	0.082762622	0.058409902	1	1.9669012
rNR	0.15739788	0.070655225	0.00861139	1	1.9669012
Rnr	0.42500934	0.187665255	0.012319435	1	1.9669012
RnR	0.63357779	0.324037754	0.018275617	1	1.9669012
RNr	0.512011369	0.274316342	0.231842974	1	1.9669012
RNR	0.839696143	0.460650992	0.017055132	1	1.9669012
rnx	0.167902685	0.067147032	0.008795957	1	1.05840761
rnX	0.411209566	0.197305489	0.005348425	1	1.05840761
rNx	0.079615308	0.027774434	0.052690806	1	1.05840761
rNX	0.377186862	0.172468622	0.019003638	1	1.05840761
Rnx	0.323400929	0.125974875	0.017832371	1	1.05840761
RnX	0.589169923	0.250910236	0.011198952	1	1.05840761
RNx	0.324186687	0.174879529	0.038145503	1	1.05840761
RNX	1.045507557	0.531083136	0.059704872	1	1.05840761
rrc	0.04787142	0.991117475	0.074977861	0	2.9667778
rrC	0.099318931	0.874921181	0.062886924	0	2.9667778
rRc	0.038165521	0.550999823	0.009837603	0	2.9667778
rRC	0.052772769	0.488078357	0.02147582	0	2.9667778
Rrc	0.046724289	0.729800823	0.241091677	0	2.9667778
RrC	0.105458432	0.806579588	0.232973215	0	2.9667778
RRc	0.103408981	1.055887941	0.043271456	0	2.9667778
RRC	0.153303677	1.48685317	0.807699769	0	2.9667778
rrn	1.022981062	0.800220652	0.046033212	1	1.9669012
rrN	0.961841045	0.673685343	0.02706177	1	1.9669012
rRn	0.481414805	0.294934263	0.01185697	1	1.9669012
rRN	0.390490552	0.243727677	0.006447332	1	1.9669012
Rrn	3.028609852	2.080697912	0.089507508	1	1.9669012
RrN	2.498028823	1.751383769	0.152179167	1	1.9669012
RRn	1.263828768	0.928620117	0.034209734	1	1.9669012
RRN	1.502399518	1.059664896	0.054560969	1	1.9669012
rrr	0.013451449	0.220990771	0.006785166	0	2.9503518
rrR	0.014473362	0.122493894	0.004178165	0	2.9503518
rRr	0.012793642	0.19543827	0.034892045	0	2.9503518
rRR	0.007114936	0.059938557	0.136339957	0	2.9503518
Rrr	0.036402113	0.543695455	0.047159559	0	2.9503518
RrR	0.05154251	0.622816172	0.061965084	0	2.9503518
RRr	0.057312424	0.480885936	0.035482128	0	2.9503518
RRR	0.062304623	0.69355097	0.049285448	0	2.9503518
rrx	0.042302	0.168169809	0.038374141	0	2.04185821
rrX	0.071330464	0.197243294	0.009266518	0	2.04185821
rRx	0.039390615	0.165025947	0.016704491	0	2.04185821
rRX	0.010269805	0.024094121	0.005203915	0	2.04185821
Rrx	0.144864437	0.59087345	0.054100034	0	2.04185821
RrX	0.208070557	0.812761257	0.036986304	0	2.04185821
RRx	0.137727528	0.445923888	0.025284525	0	2.04185821
RRX	0.214633786	0.721957333	0.024449815	0	2.04185821
rxc	0.108428123	0.495506124	0.066636784	0	2.05828421
rxC	0.15078089	0.300919635	0.03580817	0	2.05828421
rXc	0.050382905	0.360763631	0.007240235	0	2.05828421
rXC	0.073530687	0.217817524	0.021830369	0	2.05828421
Rxc	0.248867865	1.1076855	0.105481399	0	2.05828421
RxC	0.205652141	0.63958072	0.205795044	0	2.05828421
RXc	0.163149698	1.276151	0.083835966	0	2.05828421
RXC	0.331910398	1.107458504	0.153388481	0	2.05828421
rxn	1.033830997	0.5911542	0.035320453	1	1.05840761
rxN	0.793497015	0.47840029	0.015298889	1	1.05840761
rXn	0.209726549	0.083986504	0.013095139	1	1.05840761
rXN	0.386243952	0.199970345	0.008848604	1	1.05840761
Rxn	2.223664575	1.439427577	0.200764854	1	1.05840761
RxN	2.27044979	1.550226605	0.22489643	1	1.05840761
RXn	0.927406783	0.556488626	0.017216521	1	1.05840761
RXN	1.159021821	0.787118002	0.031801758	1	1.05840761
rxr	0.017488219	0.028692277	0.006507472	0	2.04185821
rxR	0.021783653	0.028952044	0.004356032	0	2.04185821
rXr	0.023005678	0.157825988	0.019932063	0	2.04185821
rXR	0.019664974	0.043179541	0.005277053	0	2.04185821
Rxr	0.137480669	1.056619114	0.071629735	0	2.04185821
RxR	0.097329978	0.39567354	0.028066845	0	2.04185821
RXr	0.115752094	0.718021947	0.048735507	0	2.04185821
RXR	0.073780837	0.273640407	0.009996197	0	2.04185821
rxx	0.172860124	0.224643204	0.016977279	0	1.13336462
rxX	0.115771135	0.093411476	0.008322654	0	1.13336462
rXx	0.054693752	0.060259486	0.005547704	0	1.13336462
rXX	0.089467212	0.119496803	0.004802737	0	1.13336462
Rxx	0.424079299	0.639567663	0.030815568	0	1.13336462
RxX	0.531530132	0.584179586	0.029704371	0	1.13336462
RXx	0.197284972	0.25754668	0.017772797	0	1.13336462
RXX	0.639053884	0.772492265	0.038896464	0	1.13336462
xcc	0.283188017	1.638744637	0.537393872	0	2.07471021
xcC	0.568630941	1.285026944	0.230032535	0	2.07471021
xCc	0.38399655	1.397701938	0.211558927	0	2.07471021
xCC	0.40330841	1.108004341	0.311896332	0	2.07471021
Xcc	0.323985637	1.820745185	0.440890909	0	2.07471021
XcC	0.662780114	1.405302508	0.346756671	0	2.07471021
XCc	1.432184078	2.487995911	0.86950455	0	2.07471021
XCC	1.434177183	2.357969743	1.13006374	0	2.07471021
xcn	2.399562075	1.613593133	0.134131978	1	1.07483361
xcN	2.186803104	1.390168698	0.14862701	1	1.07483361
xCn	2.059115311	1.190197663	0.066695839	1	1.07483361
xCN	2.48697089	1.719022809	0.133994293	1	1.07483361
Xcn	2.70244433	1.73355989	0.138918237	1	1.07483361
XcN	2.622595481	1.740682099	0.203921195	1	1.07483361
XCn	3.254940397	2.353323869	0.359294636	1	1.07483361
XCN	3.518790978	2.634599153	0.625946638	1	1.07483361
xcr	0.274773354	1.20268848	0.07964328	0	2.05828421
xcR	0.300942436	0.791114153	0.062493028	0	2.05828421
xCr	0.153277579	0.619964005	0.045717191	0	2.05828421
xCR	0.17813226	0.852673435	0.082745379	0	2.05828421
Xcr	0.34790004	1.558263385	0.093512429	0	2.05828421
XcR	0.397024822	1.25879969	0.060147031	0	2.05828421
XCr	0.724103437	1.633062762	0.137048202	0	2.05828421
XCR	1.44135839	2.390712664	0.413694374	0	2.05828421
xcx	0.483504322	0.637975607	0.031679383	0	1.14979062
xcX	0.407346978	0.482628691	0.012641585	0	1.14979062
xCx	0.137044042	0.166112607	0.01614425	0	1.14979062
xCX	0.449852629	0.499615605	0.054831608	0	1.14979062
Xcx	0.535360696	0.750819198	0.027830478	0	1.14979062
XcX	0.350452745	0.465377381	0.010014875	0	1.14979062
XCx	0.793641025	0.98915201	0.073882109	0	1.14979062
XCX	1.277396141	1.336530266	0.034527133	0	1.14979062
xnc	2.456779658	1.767441176	0.223219977	1	1.07483361
xnC	1.838684573	1.092696478	0.692255834	1	1.07483361
xNc	2.007515844	1.426883469	0.084043776	1	1.07483361
xNC	2.048759269	1.337122442	0.748553052	1	1.07483361
Xnc	2.119609131	1.37898796	0.120402595	1	1.07483361
XnC	1.612840045	0.885205317	0.09592677	1	1.07483361
XNc	2.294033286	1.514447633	0.093651657	1	1.07483361
XNC	1.684207929	0.9968451	0.154260706	1	1.07483361
xnn	0.952190615	0.253910791	0.034721426	2	0.07495701
xnN	0.901482942	0.260260178	0.03463702	2	0.07495701
xNn	0.505955099	0.118920539	0.009071674	2	0.07495701
xNN	0.863850741	0.273858087	0.022379862	2	0.07495701
Xnn	0.625924772	0.159482802	0.014344361	2	0.07495701
XnN	0.459162846	0.103121062	0.018337716	2	0.07495701
XNn	0.477824246	0.101192382	0.046632378	2	0.07495701
XNN	0.791264473	0.222502009	0.018647196	2	0.07495701
xnr	0.878123856	0.446887937	0.039105122	1	1.05840761
xnR	0.989636772	0.543266125	0.054337659	1	1.05840761
xNr	0.471983973	0.24725318	0.016615251	1	1.05840761
xNR	0.952508472	0.618829889	0.022160361	1	1.05840761
Xnr	0.586445448	0.227468484	0.007258338	1	1.05840761
XnR	0.50865065	0.20561964	0.03065855	1	1.05840761
XNr	0.489074268	0.212441092	0.024289212	1	1.05840761
XNR	0.880162525	0.499072268	0.014485592	1	1.05840761
xnx	0.620353387	0.283449137	0.044956088	1	0.14991402
xnX	1.05599924	0.562843287	0.055136488	1	0.14991402
xNx	0.309149174	0.140492343	0.034433045	1	0.14991402
xNX	0.958348163	0.468668335	0.027841254	1	0.14991402
Xnx	0.345479695	0.128801405	0.010528584	1	0.14991402
XnX	0.499413439	0.18618649	0.010582888	1	0.14991402
XNx	0.221831566	0.106359434	0.051394906	1	0.14991402
XNX	0.974950957	0.463587987	0.056433625	1	0.14991402
xrc	0.188515456	1.20543045	0.109163084	0	2.05828421
xrC	0.27539093	0.826270313	0.076384252	0	2.05828421
xRc	0.170530989	0.677398721	0.023793582	0	2.05828421
xRC	0.236891599	0.771836758	0.112094581	0	2.05828421
Xrc	0.198585711	1.188505333	0.097597677	0	2.05828421
XrC	0.282927927	0.93503174	0.127830578	0	2.05828421
XRc	0.660154599	1.495815684	0.03336063	0	2.05828421
XRC	1.070163038	1.793903237	0.31528843	0	2.05828421
xrn	1.317932848	0.832711336	0.02740988	1	1.05840761
xrN	1.143326004	0.715448504	0.07068032	1	1.05840761
xRn	0.523539979	0.270808985	0.011317118	1	1.05840761
xRN	0.890204019	0.491282091	0.01778809	1	1.05840761
Xrn	2.073973174	1.395714048	0.096694637	1	1.05840761
XrN	2.004584699	1.234118654	0.064415227	1	1.05840761
XRn	0.96161194	0.64983572	0.015807943	1	1.05840761
XRN	1.29596736	0.70513103	0.024025694	1	1.05840761
xrr	0.065370623	0.469981783	0.01652139	0	2.04185821
xrR	0.050481123	0.193765085	0.007808909	0	2.04185821
xRr	0.067154492	0.363397297	0.035434183	0	2.04185821
xRR	0.205365144	0.358521582	0.117366373	0	2.04185821
Xrr	0.12233135	0.744043654	0.032645731	0	2.04185821
XrR	0.235553872	0.66361992	0.044200933	0	2.04185821
XRr	0.253183694	0.818847368	0.031032495	0	2.04185821
XRR	0.558591201	1.072294902	0.032395735	0	2.04185821
xrx	0.206475486	0.256014672	0.019284054	0	1.13336462
xrX	0.245216606	0.297977406	0.007185273	0	1.13336462
xRx	0.122038465	0.153129927	0.044536268	0	1.13336462
xRX	0.18227299	0.2092629	0.008278296	0	1.13336462
Xrx	0.325069399	0.377888178	0.050112782	0	1.13336462
XrX	0.335027907	0.410993116	0.033018129	0	1.13336462
XRx	0.396576395	0.432033416	0.022748819	0	1.13336462
XRX	0.423000967	0.427185262	0.015393911	0	1.13336462
xxc	0.686564037	0.953629207	0.050849871	0	1.14979062
xxC	0.731458085	0.818596232	0.129038021	0	1.14979062
xXc	0.233688287	0.481101473	0.005998688	0	1.14979062
xXC	0.560786144	0.558605308	0.069058528	0	1.14979062
Xxc	1.047765039	1.428420562	0.03837525	0	1.14979062
XxC	1.108417143	1.169539105	0.083377285	0	1.14979062
XXc	1.840591368	2.224792069	0.122813358	0	1.14979062
XXC	1.89453329	1.853743224	0.234425895	0	1.14979062
xxn	1.574632804	0.787707759	0.06241493	1	0.14991402
xxN	1.235626072	0.753080981	0.043717381	1	0.14991402
xXn	0.393109413	0.162093533	0.051669102	1	0.14991402
xXN	0.659864026	0.348069346	0.01499914	1	0.14991402
Xxn	1.537952859	0.923725102	0.119381786	1	0.14991402
XxN	1.601292363	1.17764643	0.045132845	1	0.14991402
XXn	1.22667593	0.820328381	0.025800953	1	0.14991402
XXN	1.608605415	1.068885569	0.044004938	1	0.14991402
xxr	0.259601362	0.496687431	0.021906837	0	1.13336462
xxR	0.260902143	0.332709614	0.041586352	0	1.13336462
xXr	0.228592473	0.427299954	0.031945238	0	1.13336462
xXR	0.198438918	0.191406277	0.022061933	0	1.13336462
Xxr	0.35297048	0.626508732	0.02308087	0	1.13336462
XxR	0.406550892	0.546925468	0.022163492	0	1.13336462
XXr	1.013807991	1.371723268	0.068300381	0	1.13336462
XXR	1.132921755	1.123971616	0.044642529	0	1.13336462
xxx	0.429301965	0.336235183	0.029915636	0	0.22487103
xxX	0.369729753	0.248086159	0.030844857	0	0.22487103
xXx	0.166845679	0.095244706	0.024366453	0	0.22487103
xXX	0.372076001	0.246791507	0.019880148	0	0.22487103
Xxx	0.390141308	0.323976264	0.038513296	0	0.22487103
XxX	0.330652636	0.255441258	0.014207499	0	0.22487103
XXx	0.439110292	0.384715449	0.030796504	0	0.22487103
XXX	0.733498449	0.607753548	0.011994694	0	0.22487103
cccc	0.267949011	0.93109558	0.3030382	0	3.9995064
Cccc	0.020350686	1.000949279	1.610722797	0	3.9995064
CccC	0.069295951	1.826175191	4.147357708	0	3.9995064
CCCC	0.0495322	0.556801533	1.158694035	0	3.9995064
cccN	1.942377724	2.389802244	10.7723818	1	2.9996298
cCcN	3.281971033	2.924896009	11.62612099	1	2.9996298
cCCn	2.68731547	2.447078144	12.28220559	1	2.9996298
CCCN	3.141352291	3.691172396	22.89356506	1	2.9996298
cCcR	0.09500314	1.762955506	2.99621957	0	3.9830804
cCCR	0.037571173	1.491081704	3.110341818	0	3.9830804
CcCr	0.045902693	1.284207316	2.97932224	0	3.9830804
CcCR	0.067369383	1.862723281	4.232668209	0	3.9830804
CCcR	0.065233317	1.660781151	4.703947885	0	3.9830804
CCCr	0.016909008	0.911375944	1.046905908	0	3.9830804
cCCX	0.180093007	2.309345385	2.961589448	0	3.07458681
CCCX	0.053855669	1.605740978	3.085538518	0	3.07458681
CcNc	2.647795673	2.369784352	14.27476777	1	2.9996298
CCNN	3.017835568	1.695790341	14.92477706	2	1.9997532
ccnr	2.511381015	2.243355538	3.995410938	1	2.9832038
Ccnr	3.126037587	2.490988623	4.347088524	1	2.9832038
ccNX	2.81997967	2.221885371	2.054516635	1	2.07471021
cCnx	2.725029113	1.955860664	1.718435249	1	2.07471021
cCNx	2.792241904	2.191471222	2.406024178	1	2.07471021
CcnX	3.508820886	2.589819772	7.455881902	1	2.07471021
ccrC	0.072534984	1.815307353	2.400102505	0	3.9830804
cCrc	0.022968157	1.128057017	2.324713172	0	3.9830804
cCrC	0.064960014	1.266796425	1.544857063	0	3.9830804
cCRc	0.037479821	1.495776895	1.16350122	0	3.9830804
Ccrc	0.027795852	1.226466719	2.84158514	0	3.9830804
ccrn	1.465448235	2.36180915	6.671399923	1	2.9832038
ccrN	2.430609919	2.50167046	9.911436787	1	2.9832038
cCRn	2.569394502	2.541058154	8.402287907	1	2.9832038
cCRN	2.927864634	2.556005526	9.82733011	1	2.9832038
CCRN	3.060082439	3.09715424	18.60590466	1	2.9832038
ccrr	0.025248071	1.313684265	0.461348371	0	3.9666544
ccRR	0.058895941	1.812838156	2.093139643	0	3.9666544
CcRr	0.014067444	0.526852397	0.381074373	0	3.9666544
CCrR	0.034833799	1.208230376	0.797250052	0	3.9666544
ccrX	0.096020325	1.753518855	1.395162689	0	3.05816081
ccRx	0.052146951	0.808799767	0.16602475	0	3.05816081
ccxc	0.064769719	1.640704094	1.863550001	0	3.07458681
cCXc	0.077595636	1.336923466	1.073924133	0	3.07458681
CcXc	0.06516649	0.973107033	1.553831358	0	3.07458681
CcXC	0.182410319	1.652974679	2.630375281	0	3.07458681
CCxN	3.459991932	2.694929315	8.312617921	1	2.07471021
cCXr	0.067682381	1.147608934	0.45691625	0	3.05816081
Ccxx	1.034188252	2.896178567	2.054617927	0	2.14966722
cnCC	1.714917999	2.15562678	12.72482024	1	2.9996298
cNcC	2.02463811	1.811751568	8.448696786	1	2.9996298
CnCc	2.451146907	2.367632315	15.95304402	1	2.9996298
CnCC	2.211890262	2.315573646	15.3508664	1	2.9996298
CNCc	2.454767091	2.31364385	18.04082917	1	2.9996298
cNcn	2.375249568	1.095250667	2.457005191	2	1.9997532
cNcN	2.31974027	0.999056747	3.019029859	2	1.9997532
CNcN	2.777613854	1.471251214	6.403376386	2	1.9997532
cncr	2.075339005	2.164935793	8.786265777	1	2.9832038
cnCr	1.727100165	1.8506517	4.781699775	1	2.9832038
cNCr	1.483067741	2.068977944	5.453478339	1	2.9832038
CNCr	2.302328259	2.194703174	8.024830259	1	2.9832038
cNcx	2.874764943	2.202035902	3.791120701	1	2.07471021
cNCx	2.498499559	1.873601342	3.630971483	1	2.07471021
cnnn	0.854636952	0.183351227	0.185981785	3	0.9998766
cnNn	0.790604853	0.20844434	0.104068716	3	0.9998766
cNNN	0.896496825	0.183949015	0.22757806	3	0.9998766
CNNN	1.017012721	0.264576824	0.417242154	3	0.9998766
Cnnr	1.550674149	0.651776317	0.278927869	2	1.9833272
CnNr	1.500889347	0.609122884	0.186124314	2	1.9833272
CNnr	1.743268969	0.768322319	0.155242122	2	1.9833272
CNnR	1.540110547	0.654437294	0.553757541	2	1.9833272
cnRC	1.777202842	1.767168248	6.572665164	1	2.9832038
cNrc	1.115677742	1.983336499	4.418425523	1	2.9832038
cNRC	1.413423389	1.777346167	5.886046558	1	2.9832038
Cnrc	2.509438006	2.386001105	10.18188139	1	2.9832038
CNrC	2.877426662	2.646711659	4.262842885	1	2.9832038
CNRc	2.053561202	2.070830257	0.495060658	1	2.9832038
cNRn	1.56315103	0.515035202	0.30881868	2	1.9833272
CNrn	2.522139042	1.140132087	0.461053829	2	1.9833272
Cnrr	2.063646836	1.849203927	1.96206802	1	2.9667778
cnrx	1.658373139	1.049770689	0.430957583	1	2.05828421
cNrx	1.418582079	0.897462296	0.191993923	1	2.05828421
CnRx	1.834603854	1.377697971	0.212471568	1	2.05828421
CNRx	2.227126086	1.797927498	0.170419993	1	2.05828421
CNxc	3.194980126	2.596220869	3.280483313	1	2.07471021
CNXc	2.8570374	2.500004143	3.739488538	1	2.07471021
cNXn	1.250545492	0.346042228	0.103731928	2	1.07483361
cNXN	1.444543351	0.499086796	0.253827573	2	1.07483361
CnXN	1.771264753	0.722928129	0.294732843	2	1.07483361
cnxr	1.548806612	1.164519077	0.27764108	1	2.05828421
cnxR	1.569786112	1.047447351	0.267380283	1	2.05828421
cnXr	2.256465018	2.064549033	1.629380414	1	2.05828421
CNxr	2.229369619	1.770127216	1.097488559	1	2.05828421
CnxX	1.803319906	0.946264994	0.160352725	1	1.14979062
CnXX	2.597754336	1.745071854	0.864794929	1	1.14979062
CNXx	2.349111486	1.749811607	0.583535083	1	1.14979062
crcC	0.067972565	1.744357968	2.469792522	0	3.9830804
CrcC	0.060153839	1.445449124	2.385745026	0	3.9830804
CrCc	0.035984217	1.307599556	1.528908398	0	3.9830804
crCN	3.176335616	3.083674499	15.38590209	1	2.9832038
cRCN	3.044394247	2.976004482	13.81118219	1	2.9832038
CRcn	2.677765907	2.695141704	15.02713711	1	2.9832038
crCr	0.033660816	1.211910473	0.724704102	0	3.9666544
CrCR	0.113326199	1.141148749	1.029357248	0	3.9666544
CRcR	0.04982624	1.178156192	1.628136514	0	3.9666544
CRCr	0.031042504	0.910914779	0.941152493	0	3.9666544
crcx	0.101959187	2.100929248	2.138133087	0	3.05816081
CrCX	0.166350647	1.835073729	0.526959938	0	3.05816081
CRCX	0.126694773	1.963760034	3.673230518	0	3.05816081
crnc	2.210557414	2.210828439	8.850529255	1	2.9832038
CRnN	2.095996925	0.93327681	1.802055559	2	1.9833272
CRNn	1.861661074	0.829298541	1.285534128	2	1.9833272
CRNR	2.595246455	2.24876367	3.804201953	1	2.9667778
crNx	1.675987901	1.112577839	0.474888972	1	2.05828421
crNX	2.497149545	1.739234164	0.791584576	1	2.05828421
cRnX	2.443380029	1.734607899	0.430913048	1	2.05828421
CrNX	2.258648094	1.631071293	0.143748194	1	2.05828421
cRrc	0.013540464	0.486592846	1.20587814	0	3.9666544
Crrc	0.039023456	0.649032555	0.64795863	0	3.9666544
CRrC	0.015320475	0.426613222	0.889487666	0	3.9666544
crrn	1.515414684	1.928304861	2.761464152	1	2.9667778
crRN	2.688046515	2.127961607	2.955215424	1	2.9667778
crrR	0.042143385	1.168109927	0.307878232	0	3.9502284
CRrr	0.010941433	0.420780245	0.375012225	0	3.9502284
CRrR	0.016326341	0.575367202	0.389009121	0	3.9502284
CRRR	0.020453573	0.935341987	1.027712914	0	3.9502284
Crrx	0.059891885	1.060181332	0.208244301	0	3.04173481
CRrx	0.057682506	0.963737727	0.280757448	0	3.04173481
crxC	0.119484277	1.286689453	1.189494684	0	3.05816081
cRXC	0.105922493	1.447086147	0.587885628	0	3.05816081
Crxc	0.064707163	1.561560337	0.402146063	0	3.05816081
CRXc	0.036739761	1.169055541	1.265153603	0	3.05816081
CRXC	0.076194976	1.66314278	2.500326237	0	3.05816081
crxR	0.144415029	1.132681802	0.290134516	0	3.04173481
cRxR	0.069757781	0.953037194	0.192957904	0	3.04173481
cRXr	0.062789926	0.919372139	0.123474707	0	3.04173481
CRXr	0.037041361	0.868960414	0.374559736	0	3.04173481
CRxx	0.217250862	1.748262764	0.619998222	0	2.13324122
cxCC	0.08222053	1.334113001	1.876699523	0	3.07458681
Cxcc	0.022897565	1.050308874	1.609858088	0	3.07458681
CxcC	0.140869614	1.31162254	1.5441718	0	3.07458681
CXCc	0.19084694	1.822394415	3.203609806	0	3.07458681
CXCn	3.602569731	3.142620443	5.589658792	1	2.07471021
CXCN	3.933578243	3.238933302	10.03636897	1	2.07471021
CxcR	0.085338902	1.253583845	0.986040964	0	3.05816081
CXcr	0.124368053	1.29502529	1.194049086	0	3.05816081
CXCR	0.141560183	2.196448049	3.190695478	0	3.05816081
cxCx	0.155950033	0.701264509	0.230132367	0	2.14966722
cXCx	0.190058622	0.857592303	0.283399986	0	2.14966722
Cxcx	0.168771328	1.446533415	0.469535439	0	2.14966722
CXcx	0.167773128	1.398606055	0.408386013	0	2.14966722
CXcX	0.136792157	0.701005766	0.068200685	0	2.14966722
CXCx	0.16294674	1.250576904	0.52631251	0	2.14966722
CXnc	3.160045737	2.69025554	2.156115288	1	2.07471021
CXnC	2.868847674	1.817401087	1.790627004	1	2.07471021
CXNc	2.914558544	2.304021386	2.281607815	1	2.07471021
cxNn	1.312556509	0.414554389	0.157613862	2	1.07483361
cXNn	0.918960367	0.253657244	0.073318785	2	1.07483361
Cxnr	2.34119248	1.517296574	0.203660269	1	2.05828421
cXNX	1.752890895	0.996158685	0.105783048	1	1.14979062
CxNX	2.377146259	1.525920829	0.245291399	1	1.14979062
CXNx	1.08583017	0.607063527	0.057430982	1	1.14979062
cxRC	0.108237177	1.221806612	1.213917547	0	3.05816081
cxrN	1.721982734	1.280392666	0.244842892	1	2.05828421
cxRN	2.173889862	1.413956283	0.311224609	1	2.05828421
cXRn	1.391623728	0.815233999	0.0716885	1	2.05828421
CXRN	2.58308016	1.7696752	0.60040485	1	2.05828421
cXRR	0.07114785	0.785097139	0.182909103	0	3.04173481
CxRr	0.028450714	0.241439878	0.053081309	0	3.04173481
cXrX	0.101704345	0.670545102	0.218700342	0	2.13324122
CxrX	0.113243466	1.116653329	0.079866834	0	2.13324122
CxRX	0.084904956	0.828820165	0.396234838	0	2.13324122
cXxc	0.101642932	1.041057733	0.130088865	0	2.14966722
CXXC	0.441459516	1.721908352	0.782190876	0	2.14966722
cxXn	1.105190046	0.628831588	0.028548214	1	1.14979062
cXxN	2.204706336	1.48798504	0.163089671	1	1.14979062
cXXn	1.589742256	0.910117155	0.102063309	1	1.14979062
cxxR	0.283963941	1.051260498	0.125202473	0	2.13324122
cXXr	0.093044747	0.811194628	0.078390839	0	2.13324122
CxXr	0.056701788	0.306020532	0.046392644	0	2.13324122
CXXr	0.194365592	1.265882625	0.094679134	0	2.13324122
CXXR	0.328161446	1.20126924	0.187605245	0	2.13324122
cxxX	1.041922774	1.045244184	0.050068116	0	1.22474763
cXXX	0.987809906	1.222582902	0.082265945	0	1.22474763
CxxX	0.677322233	0.985475182	0.045010868	0	1.22474763
CxXx	0.162851182	0.238154967	0.018386127	0	1.22474763
CXxx	0.498488394	0.927353619	0.090436091	0	1.22474763
CXXx	0.43948711	0.669621599	0.0541729	0	1.22474763
CXXX	0.919995151	1.175173752	0.05735215	0	1.22474763
ncCc	2.063611105	1.969336922	15.50444869	1	2.9996298
nCcc	0.956537598	2.534135207	16.9422818	1	2.9996298
Nccc	0.218551136	1.906636688	13.10177602	1	2.9996298
NcCC	1.192391443	2.346752702	11.9172457	1	2.9996298
NCCc	0.470299533	2.07399383	19.39682008	1	2.9996298
NCCC	0.271350931	1.805334949	15.13683857	1	2.9996298
NccN	2.997786731	1.53204929	8.045404666	2	1.9997532
NCcN	2.915278711	1.472155934	9.109676514	2	1.9997532
nccr	1.036348335	2.239164937	12.13828501	1	2.9832038
ncCR	1.952188941	2.389688908	15.71893568	1	2.9832038
nCcR	1.829670473	1.922839419	9.575701687	1	2.9832038
NcCr	0.947420221	1.859730935	4.97780614	1	2.9832038
NCcr	0.760220554	2.202461617	11.46620115	1	2.9832038
nccX	2.615144958	2.198779204	5.755043702	1	2.07471021
ncCx	2.62190919	2.189774841	7.606122752	1	2.07471021
nCcx	2.398349642	1.783338491	4.984350265	1	2.07471021
Nccx	2.448141049	2.394297874	7.657673404	1	2.07471021
ncNC	2.568022739	1.311183175	4.446441572	2	1.9997532
nCnC	1.986014245	0.926650946	2.937424338	2	1.9997532
Ncnc	2.370681592	1.480730567	4.722085927	2	1.9997532
NCnC	2.487230848	1.175458774	4.092590488	2	1.9997532
NCNc	2.395908338	1.424141202	5.941496323	2	1.9997532
NCNn	1.029222811	0.31592987	0.409206363	3	0.9998766
ncNr	2.138294992	0.965796158	0.324068304	2	1.9833272
nCnr	1.748434037	0.709008305	0.243649252	2	1.9833272
nCNr	2.096388742	0.92767162	0.26345562	2	1.9833272
nCNR	1.915417571	1.001859815	0.880748378	2	1.9833272
nCNX	1.951588816	0.879832234	0.268617197	2	1.07483361
NcNX	1.795704829	0.601826887	0.193244098	2	1.07483361
ncrC	2.397504796	2.419434116	11.64246989	1	2.9832038
nCrc	0.56309948	2.356892567	8.819735337	1	2.9832038
NcrC	1.588432131	2.364888011	8.756290543	1	2.9832038
NCRc	0.299227763	1.69773855	3.853515352	1	2.9832038
NCRC	0.406497487	1.981584096	13.91514969	1	2.9832038
ncrn	2.743698826	1.521288622	4.525118475	2	1.9833272
NcRN	2.762585568	1.381661453	2.159952022	2	1.9833272
NCrN	2.687771033	1.217017861	1.571320787	2	1.9833272
ncRr	1.769664447	1.9637122	1.146237862	1	2.9667778
nCrR	1.342804995	1.760645545	2.337989631	1	2.9667778
NCrr	0.412754149	1.686312425	2.222191562	1	2.9667778
NCrR	1.004926528	1.661226524	2.712787392	1	2.9667778
ncRx	2.180056612	2.004950674	0.392475106	1	2.05828421
nCRx	1.852458207	1.471181034	0.466001592	1	2.05828421
nCXc	2.263722343	2.256209657	4.100203056	1	2.07471021
NcXc	1.364903605	1.58446568	3.001833202	1	2.07471021
ncxn	2.492763322	1.213756723	0.562933136	2	1.07483361
NCxn	2.443046868	1.109353835	0.434949048	2	1.07483361
ncxR	2.748308463	2.254263228	1.880935226	1	2.05828421
NCxr	1.495002299	1.80373181	3.266302936	1	2.05828421
NcXX	2.238270982	1.381372174	0.329953125	1	1.14979062
nnCC	1.637043723	0.849587047	3.653544272	2	1.9997532
NncC	1.803933251	1.06856033	3.281187696	2	1.9997532
NNcC	1.830444007	1.003356288	4.232684898	2	1.9997532
nncn	1.438240652	0.417638965	0.794242268	3	0.9998766
NNcn	1.446507596	0.394703295	0.49472459	3	0.9998766
NNcr	1.732615252	1.085029778	1.740109607	2	1.9833272
nNCx	1.440974262	0.511566821	0.250907092	2	1.07483361
NncX	1.752995523	0.744234188	0.257780198	2	1.07483361
NnCX	1.372333922	0.469514006	0.195104721	2	1.07483361
nNNC	0.980639021	0.225945367	0.308231073	3	0.9998766
nnnn	0.284926362	0.023325611	0.040353851	4	0
nnNn	0.183354574	0.01610643	0.015952362	4	0
nnNN	0.398624463	0.034525583	0.032849048	4	0
NnNN	0.271075517	0.022197256	0.028020791	4	0
NNnN	0.243231936	0.031384421	0.031138892	4	0
NNNN	0.420944738	0.046652201	0.056953772	4	0
nnnr	0.628732272	0.104106588	0.035831784	3	0.9834506
nNNR	0.680028784	0.171438149	0.063183228	3	0.9834506
NnNR	0.477831384	0.071238434	0.123180801	3	0.9834506
nnnx	0.505555352	0.081497486	0.017952121	3	0.07495701
nNnx	0.313063496	0.038577413	0.010611782	3	0.07495701
NNnx	0.257558855	0.029994497	0.024921068	3	0.07495701
NNNx	0.32376842	0.074230128	0.02994223	3	0.07495701
Nnrc	1.577800456	1.006392319	0.876104884	2	1.9833272
NnRc	0.944109503	0.540626226	0.038190042	2	1.9833272
nNrn	0.815129409	0.116638741	0.035576462	3	0.9834506
nNrN	0.819756172	0.12668275	0.039637674	3	0.9834506
nNRN	0.86435493	0.157632568	0.285017055	3	0.9834506
NNrN	0.874961376	0.18483462	0.050033328	3	0.9834506
nNrr	0.795329009	0.467403619	0.047949463	2	1.9669012
NNRr	1.305456226	0.595151884	0.035763999	2	1.9669012
nnRx	0.817996546	0.271165031	0.019509841	2	1.05840761
nNrX	0.56485897	0.138694645	0.012471881	2	1.05840761
nNxC	0.854166534	0.263119659	0.103347039	2	1.07483361
nnXn	0.47279958	0.092951633	0.031290895	3	0.07495701
NnXn	0.356467066	0.092028458	0.059770559	3	0.07495701
NNxN	0.565367403	0.092099754	0.022730111	3	0.07495701
NnXR	0.711289034	0.233693796	0.034697608	2	1.05840761
NNXR	1.314878912	0.520730898	0.099293636	2	1.05840761
nnXX	0.94050131	0.272124272	0.066358852	2	0.14991402
nNxx	0.531645759	0.143699197	0.040689218	2	0.14991402
NNXx	0.874525585	0.289495778	0.054455648	2	0.14991402
nRcC	1.613113065	1.967234521	5.108765194	1	2.9832038
NRCC	0.380775912	1.792683428	11.53091226	1	2.9832038
NRcn	2.332566951	1.177895888	2.206495292	2	1.9833272
nrCr	1.284478797	1.909728525	0.128286937	1	2.9667778
nRCR	0.607266805	1.920473152	9.485134911	1	2.9667778
nRNc	1.69093197	0.817583497	0.203556166	2	1.9833272
NRnC	1.948723434	0.724912824	0.396404379	2	1.9833272
nrNN	0.893498068	0.173085833	0.063641958	3	0.9834506
nRnn	0.678864787	0.114877067	0.061233148	3	0.9834506
nRnN	0.61247615	0.162536935	0.043676707	3	0.9834506
NrnN	0.68251964	0.097889175	0.058197548	3	0.9834506
NrNn	0.497030063	0.08855636	0.04566224	3	0.9834506
NRnn	0.72169271	0.110319005	0.054786134	3	0.9834506
nrnr	0.937745205	0.279171282	0.024208839	2	1.9669012
nrNR	1.016231879	0.537106887	0.074415013	2	1.9669012
NRNR	1.097583876	0.348394999	0.084644232	2	1.9669012
NrnX	0.912252136	0.233504228	0.081791454	2	1.05840761
Nrrc	0.177290388	2.218599482	2.6326514	1	2.9667778
NrRC	0.850447279	1.9360867	1.655705139	1	2.9667778
nrrn	1.690724496	0.710262446	0.128824857	2	1.9669012
nrRn	1.194046751	0.462751403	0.119498258	2	1.9669012
nrRN	1.233919692	0.391759818	0.056060394	2	1.9669012
nRRN	1.465332414	0.642950767	0.173350145	2	1.9669012
NRRn	1.475245423	0.618258244	0.174757937	2	1.9669012
nRRr	0.51253579	1.375460842	0.159988828	1	2.9503518
NrRr	0.115708271	0.900024546	0.026335644	1	2.9503518
NRrR	0.764306864	1.826375609	0.822694363	1	2.9503518
nRRX	1.503965318	1.384224395	0.518446657	1	2.04185821
NRXc	1.199622244	1.796447965	1.724770994	1	2.05828421
NRXC	1.645338708	1.685996385	1.269762057	1	2.05828421
NrXN	0.815489243	0.27849999	0.047912225	2	1.05840761
NRXN	1.591445745	0.594712281	0.100914094	2	1.05840761
nRXR	0.428653535	0.478622787	0.014414413	1	2.04185821
NrxR	0.364124653	0.283211044	0.061164016	1	2.04185821
NrXR	0.338166457	0.263703846	0.01935968	1	2.04185821
NRxr	1.354548189	1.426933902	0.276670648	1	2.04185821
NRxx	1.854932289	1.352225453	0.149512432	1	1.13336462
nxcC	2.264386356	1.827108077	2.918984886	1	2.07471021
nxCc	2.256530916	1.976955763	3.296648331	1	2.07471021
NXcc	1.584789824	2.003321276	3.737493531	1	2.07471021
NXCc	2.0184597	1.961006162	4.569363381	1	2.07471021
nXcn	2.28525292	1.060207963	0.501542528	2	1.07483361
nXcN	2.583461279	1.212044844	0.499471025	2	1.07483361
nXCn	2.559935226	1.255954447	0.773982266	2	1.07483361
NxCN	2.345191138	1.054808567	0.312794775	2	1.07483361
nXcr	1.4730175	1.697056518	1.700120018	1	2.05828421
NXCX	2.435897955	1.684640624	0.712349919	1	1.14979062
nxnn	0.688717252	0.113404213	0.046671632	3	0.07495701
nXnN	0.439944953	0.089186935	0.016710966	3	0.07495701
nXNR	0.964356134	0.326026977	0.023329611	2	1.05840761
NxNr	0.385599183	0.094532629	0.020606275	2	1.05840761
nxnx	0.634321913	0.144275266	0.032452624	2	0.14991402
nxNX	0.905656821	0.239080614	0.030095474	2	0.14991402
NXNx	0.416256267	0.119013289	0.024509972	2	0.14991402
nxrc	1.489337322	2.011993306	2.07400074	1	2.05828421
nxRc	1.301173531	1.359773543	0.087229742	1	2.05828421
NxRc	0.6174999	0.779964533	0.033644133	1	2.05828421
NxRC	0.793507385	0.863141981	0.677991074	1	2.05828421
nxRn	0.725470012	0.205469585	0.018172261	2	1.05840761
nXrn	2.245000348	1.054544051	0.159880787	2	1.05840761
Nxrn	1.346564366	0.478569456	0.049497573	2	1.05840761
NxRn	0.560297422	0.137194917	0.034573005	2	1.05840761
NXrn	2.173855906	0.988609363	0.241527481	2	1.05840761
nxrR	0.430933869	0.452451445	0.021937317	1	2.04185821
nXrr	1.232010074	1.688110661	0.540666543	1	2.04185821
nXRr	1.174606807	1.257127931	0.042642906	1	2.04185821
nXRR	1.167882824	1.293683111	0.831502673	1	2.04185821
NXRr	0.962565742	0.804740838	0.136078331	1	2.04185821
nXRx	1.119141104	0.74902622	0.09245417	1	1.13336462
NxRX	0.51027992	0.313092788	0.017997102	1	1.13336462
NxxC	1.279844625	0.841251715	0.217234679	1	1.14979062
nXxN	1.237549713	0.634028964	0.058485703	2	0.14991402
NxXn	0.280970476	0.058374656	0.014383607	2	0.14991402
NXxn	1.188479272	0.66244236	0.058162709	2	0.14991402
NXxN	1.56163469	0.670836804	0.086818427	2	0.14991402
NxXr	0.483904374	0.387360269	0.053406447	1	1.13336462
NXXr	1.853685417	1.534742921	0.308341239	1	1.13336462
nxXx	0.34511988	0.179667364	0.059869649	1	0.22487103
nXxx	0.766799059	0.519671101	0.049132965	1	0.22487103
NxXx	0.213957468	0.090558118	0.014496064	1	0.22487103
NXXX	1.578048555	0.696393615	0.065058568	1	0.22487103
rcCc	0.041209758	1.547687845	1.374198787	0	3.9830804
rcCC	0.090789132	1.737917907	1.300038649	0	3.9830804
rCcC	0.108501053	1.423225691	1.390873333	0	3.9830804
rCCc	0.036639172	1.399453913	1.159787705	0	3.9830804
rCCC	0.022530251	1.087172631	0.677892476	0	3.9830804
RcCc	0.110339242	1.318842723	3.101817121	0	3.9830804
rCcn	1.869599702	1.745612798	1.568257836	1	2.9832038
RCcN	3.4492006	3.07763294	13.57111443	1	2.9832038
rcCX	0.154992832	1.854214684	0.637267853	0	3.05816081
RCcX	0.14454216	1.738748206	1.884242364	0	3.05816081
rcnC	1.518434022	1.526565268	2.602835984	1	2.9832038
rCNc	1.882847778	1.852969057	1.474829906	1	2.9832038
RCnc	2.768813405	2.865372037	10.72578776	1	2.9832038
RCnn	2.280352808	1.18128816	2.640296965	2	1.9833272
rCNr	1.81011152	1.638799514	0.119662738	1	2.9667778
rCnX	1.570150412	1.099350282	0.112914926	1	2.05828421
rCNX	1.806508054	1.461253699	0.150344828	1	2.05828421
Rcrc	0.018966725	0.834406342	1.087074239	0	3.9666544
RCrN	2.953621079	2.600116998	0.924024216	1	2.9667778
rcrr	0.014066816	0.551819607	0.02702649	0	3.9502284
RCrR	0.050901104	1.238495959	0.290686121	0	3.9502284
RCRr	0.014144755	0.405554511	0.310509773	0	3.9502284
rcrX	0.039280308	0.879252674	0.028744375	0	3.04173481
RCrx	0.098898797	1.285785407	0.163798514	0	3.04173481
RCrX	0.130277651	1.575328697	0.126321534	0	3.04173481
rcXC	0.087665329	1.109941356	0.222662731	0	3.05816081
rCxc	0.042977321	1.1168604	0.054252417	0	3.05816081
RcXc	0.038692015	0.593924231	0.351859811	0	3.05816081
rcxn	1.88395003	1.461784717	0.179714347	1	2.05828421
rcXN	1.692895826	1.234452188	0.1527216	1	2.05828421
rCxn	1.549951215	1.280803663	0.083128796	1	2.05828421
RCXN	3.528111781	2.734052033	2.425794126	1	2.05828421
rCxr	0.012428342	0.356995036	0.011388914	0	3.04173481
rCXr	0.026377539	0.609456862	0.007706813	0	3.04173481
RcxR	0.078913063	0.961369889	0.237364974	0	3.04173481
RcXr	0.03569819	0.277329129	0.109980039	0	3.04173481
RCXR	0.069716914	1.350131313	0.675458028	0	3.04173481
rCxX	0.238942652	0.756366821	0.017339579	0	2.13324122
rCXX	0.437663375	1.037124412	0.070958062	0	2.13324122
RcXx	0.107458269	0.69053916	0.075144548	0	2.13324122
rncC	1.3801515	1.257287679	1.293001483	1	2.9832038
RNcC	2.473850893	2.059616572	3.467880602	1	2.9832038
RNCc	2.034671999	2.003959019	5.067733696	1	2.9832038
RnCn	1.843682798	0.855035673	0.245206945	2	1.9833272
RnCN	2.246358848	1.0520573	0.456270756	2	1.9833272
RNcN	1.943475488	0.820945298	0.498136819	2	1.9833272
RNCn	2.133517542	0.915125292	0.390344033	2	1.9833272
rncR	1.139758279	1.017438149	0.237145516	1	2.9667778
RNCr	1.708984831	1.684478135	0.926201781	1	2.9667778
RNCR	1.320515036	1.718004894	3.348908829	1	2.9667778
rncx	1.458232143	1.121204506	0.106163882	1	2.05828421
rncX	1.432591982	1.040719911	0.130385096	1	2.05828421
rnCx	0.934413408	0.661386853	0.070625788	1	2.05828421
rNCx	0.684710222	0.557941338	0.06615417	1	2.05828421
RnCX	2.134769868	1.390356736	0.329625255	1	2.05828421
RNcx	2.794439433	1.815848964	0.471508422	1	2.05828421
rnnn	0.651850774	0.242875568	0.085312452	3	0.9834506
Rnnn	0.581520095	0.123523034	0.040072648	3	0.9834506
RNnn	0.374584372	0.063517111	0.088439051	3	0.9834506
Rnnr	0.798697496	0.237210766	0.026208997	2	1.9669012
RNnR	0.576565768	0.154229029	0.027114754	2	1.9669012
rnnX	0.481540476	0.112158029	0.022027824	2	1.05840761
rNnx	0.214037694	0.035424695	0.006809603	2	1.05840761
rNnX	0.213554632	0.039772242	0.00786961	2	1.05840761
RnNx	0.268128393	0.050036121	0.328524418	2	1.05840761
rNRc	0.263142895	0.539938961	0.048245395	1	2.9667778
rNRC	0.350125057	0.588592867	0.155054175	1	2.9667778
RnRC	1.495560711	1.353079173	1.365239845	1	2.9667778
RNrC	1.63202606	1.475761626	0.240424309	1	2.9667778
rnRN	0.544655368	0.138737415	0.029534343	2	1.9669012
Rnrn	1.015947232	0.282954355	0.053421616	2	1.9669012
RNRN	1.288195624	0.453560941	0.052932492	2	1.9669012
rnrr	0.123546751	0.155644857	0.009929431	1	2.9503518
RnrR	0.708283861	0.528260988	0.026599506	1	2.9503518
RNrR	0.528034303	0.476445323	0.028863602	1	2.9503518
rNRx	0.262029036	0.201446923	0.028431796	1	2.04185821
rnxc	0.934640896	0.699838673	0.053372952	1	2.05828421
RnxC	1.30136229	0.832107683	0.158736855	1	2.05828421
RNxC	1.183360648	0.702220618	0.157798719	1	2.05828421
rnXn	0.311700145	0.073572912	0.023958494	2	1.05840761
rNXN	0.492048675	0.14435419	0.025915488	2	1.05840761
RNxn	0.852082238	0.211394208	0.024647404	2	1.05840761
RNXN	0.962943215	0.31484597	0.051240679	2	1.05840761
rnXx	0.424555863	0.273882901	0.048448311	1	1.13336462
rNxx	0.285461721	0.151373661	0.010473903	1	1.13336462
rRcC	0.029455293	0.899243122	0.178690006	0	3.9666544
rRcN	1.538744624	1.409790192	0.394902711	1	2.9667778
RrCR	0.024809826	0.572718072	0.321852089	0	3.9502284
rrCx	0.039830131	0.990345913	0.058863861	0	3.04173481
RRCX	0.200232491	1.819873656	1.465063314	0	3.04173481
rRNc	1.029739565	0.925277853	0.059476355	1	2.9667778
rrnN	0.768903869	0.244362864	0.406588847	2	1.9669012
rrNn	0.522946018	0.157708961	0.0231757	2	1.9669012
RrnN	1.983140206	0.805646962	0.65695521	2	1.9669012
RRnn	1.386273256	0.536446438	0.092832558	2	1.9669012
rrnR	0.436710695	0.390182503	0.022748022	1	2.9503518
RrnR	2.255531876	1.833528671	0.66334921	1	2.9503518
RrNr	1.672892564	1.465277636	0.143201006	1	2.9503518
RrNR	2.15687194	1.906161109	0.669391623	1	2.9503518
rrnx	0.50634806	0.329086396	0.010434039	1	2.04185821
rRnx	0.188111212	0.08067991	0.024982444	1	2.04185821
Rrnx	2.293393497	1.425004891	0.143871658	1	2.04185821
RRNx	0.683650736	0.386826179	0.027270565	1	2.04185821
RRRc	0.025063426	0.944361082	0.126187654	0	3.9502284
rrrn	0.279044792	0.466823717	0.013175768	1	2.9503518
rRrN	1.011829654	1.115438171	0.119926652	1	2.9503518
RRrn	2.293639824	1.940145946	0.563661885	1	2.9503518
rrrr	0.120021182	0.359305633	0.020482173	0	3.9338024
Rrrr	0.011780585	0.274727428	0.143595943	0	3.9338024
RrrR	0.074080823	0.567018663	0.125611248	0	3.9338024
RrRr	0.003209269	0.015300275	0.025014329	0	3.9338024
RrRR	0.011902081	0.447129242	0.103896686	0	3.9338024
RRRr	0.01340138	0.433749232	0.085214512	0	3.9338024
RRRR	0.082049884	0.732311249	0.136900243	0	3.9338024
rrRx	0.025931061	0.398208846	0.011016475	0	3.02530881
RrRx	0.035525152	0.09171573	0.019296132	0	3.02530881
rrxC	0.051224212	0.549278007	0.06822047	0	3.04173481
rrXC	0.039346762	0.558046275	0.033141043	0	3.04173481
rrxn	1.105355141	0.781769198	0.041903831	1	2.04185821
RrXN	2.428612419	1.560242239	0.171948913	1	2.04185821
rrxr	0.004652745	0.106376543	0.008254073	0	3.02530881
rrXR	0.0166713	0.265126895	0.006701534	0	3.02530881
rRxr	0.011964894	0.260786987	0.015466442	0	3.02530881
rRXx	0.008327756	0.030746192	0.009409159	0	2.11681522
Rxcc	0.015492122	0.579817564	1.604424363	0	3.05816081
RxCC	0.09708199	0.383763409	1.222377546	0	3.05816081
RXcC	0.190311475	1.590246466	1.22999661	0	3.05816081
RXCc	0.131017699	2.225345195	1.749139285	0	3.05816081
rxCN	2.102823304	1.529282629	0.159438904	1	2.05828421
rXCN	1.958169189	1.482406252	0.090227912	1	2.05828421
RXCn	3.178708148	2.55747053	1.589152396	1	2.05828421
rXcr	0.026769832	0.370037321	0.053779093	0	3.04173481
RXcR	0.03851319	0.917273998	0.144492338	0	3.04173481
RXCr	0.243251182	1.507277583	0.128971028	0	3.04173481
rxcx	0.0892431	0.493851877	0.012420213	0	2.13324122
RXcx	0.149160306	1.178428411	0.135362945	0	2.13324122
RXcX	0.106208732	0.737414797	0.15187797	0	2.13324122
RxnC	2.620816552	1.830263491	2.666928444	1	2.05828421
RXNC	2.064627924	1.690786089	0.559752289	1	2.05828421
rxnn	0.847348464	0.27772057	0.035741411	2	1.05840761
rXnn	0.357005815	0.098758871	0.019316333	2	1.05840761
RxnN	1.691653752	0.715418526	0.447279022	2	1.05840761
rXnr	0.189303923	0.102036696	0.081413842	1	2.04185821
rXnR	0.116231803	0.057265256	0.007066748	1	2.04185821
Rxnr	2.099125861	1.57160726	0.181967791	1	2.04185821
RXnR	0.647432958	0.427158328	0.019880334	1	2.04185821
RxNx	1.037387717	0.646341838	0.115647884	1	1.13336462
RXnX	0.972971368	0.582160927	0.029937854	1	1.13336462
rxrc	0.012651812	0.350016224	0.052067423	0	3.04173481
rxRC	0.040049993	0.552068242	0.030173172	0	3.04173481
rXRC	0.026782181	0.419069493	0.029417444	0	3.04173481
rXRN	0.349232668	0.18192262	0.108499956	1	2.04185821
RXrN	2.423045906	2.042740179	0.108419423	1	2.04185821
RXRN	1.489680408	1.034476903	0.037419081	1	2.04185821
rXrr	0.043343411	0.224315234	0.025162774	0	3.02530881
Rxrr	0.155382914	0.679365065	0.205927678	0	3.02530881
RxRR	0.029230842	0.407121875	0.168542086	0	3.02530881
rXrx	0.022832496	0.183730359	0.05910855	0	2.11681522
RxrX	0.169035716	0.901814324	0.084953185	0	2.11681522
RxRx	0.043787294	0.0789416	0.026346518	0	2.11681522
RXrX	0.098449834	0.736236546	0.075584241	0	2.11681522
RXRx	0.073681563	0.54527754	0.033055065	0	2.11681522
rXXC	0.125039472	0.563683954	0.025329916	0	2.13324122
RXxC	0.107643244	0.692248416	0.267894677	0	2.13324122
Rxxr	0.074196226	0.868812743	0.10872949	0	2.11681522
rxxx	0.192273104	0.289603787	0.026950806	0	1.20832163
rxxX	0.238831221	0.225890868	0.008756758	0	1.20832163
rxXx	0.07663659	0.083867681	0.10061108	0	1.20832163
rXxx	0.10822751	0.207106411	0.007431147	0	1.20832163
rXXx	0.055301181	0.098111238	0.007763353	0	1.20832163
RXxX	0.285739542	0.409666482	0.028460797	0	1.20832163
xcCc	0.115150349	1.785578904	1.668342879	0	3.07458681
XcCC	0.413270246	1.9200873	2.538732399	0	3.07458681
XCCc	0.377756013	3.335651671	8.34849718	0	3.07458681
XCCC	0.190563378	3.207875781	6.728174864	0	3.07458681
xccN	2.67447593	2.158412485	3.652550553	1	2.07471021
XCCn	3.700126459	3.151136236	11.84379202	1	2.07471021
xcCR	0.087705152	1.75366368	1.484746761	0	3.05816081
xCCr	0.060209584	1.082794092	0.275007077	0	3.05816081
XCcR	0.76859688	2.683840438	3.41408669	0	3.05816081
xCcx	0.283956321	1.17514346	0.346678396	0	2.14966722
XccX	0.235179828	1.437726629	0.328494504	0	2.14966722
xcnC	2.71967721	1.881346421	2.395125555	1	2.07471021
xCnC	2.343513847	1.582020101	1.522549889	1	2.07471021
XCNC	3.418837481	2.68610103	8.87245929	1	2.07471021
xcnN	1.557734302	0.559755307	0.243012274	2	1.07483361
xCnn	1.473752209	0.523752382	0.132368329	2	1.07483361
XCnN	1.734204472	0.687347015	0.894238505	2	1.07483361
xcnR	2.034342394	1.506571161	0.541398943	1	2.05828421
xCNr	2.069886159	1.629308164	0.104870653	1	2.05828421
XcNr	2.188414861	1.607818177	0.220123568	1	2.05828421
xcNx	1.314818231	0.782542484	0.075460339	1	1.14979062
xCNx	1.498572579	0.874999971	0.06119984	1	1.14979062
xcRc	0.076487976	1.364035572	0.096347644	0	3.05816081
XCrc	0.169205984	3.008624379	1.32839851	0	3.05816081
XCRc	0.303340972	2.825411013	1.573105892	0	3.05816081
xCrn	1.953958119	1.393000557	0.059313972	1	2.05828421
xCrN	1.9693942	1.393250864	0.096022936	1	2.05828421
xcrx	0.155421252	1.171199976	0.234994978	0	2.13324122
xcxC	0.328733855	1.082410592	0.420595782	0	2.14966722
xcXc	0.163630973	0.825095596	0.056069466	0	2.14966722
Xcxn	2.644915927	1.73306234	0.4233159	1	1.14979062
XCXn	2.504018413	1.711461061	0.196955196	1	1.14979062
xcXr	0.058190224	0.589398561	0.045505121	0	2.13324122
xcXR	0.152908423	0.667749072	0.053259383	0	2.13324122
Xcxr	0.1440943	1.333084347	0.186246103	0	2.13324122
XCxR	0.380047875	1.234081263	0.214563511	0	2.13324122
XCXr	0.754815786	2.233121877	0.142723375	0	2.13324122
xcxX	0.730160737	0.799708678	0.059731469	0	1.22474763
XCxx	1.425284293	1.934865604	0.283371125	0	1.22474763
XCXx	0.98804994	1.316935496	0.066080421	0	1.22474763
xncc	2.361169915	2.334556562	5.333951622	1	2.07471021
xnCc	2.413801988	1.86346342	3.295505468	1	2.07471021
xnCC	2.041037218	1.5987864	3.184817521	1	2.07471021
xNcC	1.997166577	1.621903564	2.365530384	1	2.07471021
XNcC	2.302944776	1.803133527	2.19356364	1	2.07471021
xnCn	1.998877068	0.738424183	0.490229566	2	1.07483361
xNCn	1.906379679	0.764957098	0.340815791	2	1.07483361
Xncn	2.223401066	0.985812674	0.381239083	2	1.07483361
XNCn	2.061927585	0.78250238	0.256411228	2	1.07483361
Xncr	2.675577479	2.468550261	1.267459252	1	2.05828421
XnCR	1.957723429	1.639880856	1.302556642	1	2.05828421
xnCx	1.878237127	1.162854956	0.357202773	1	1.14979062
xnnc	1.683192112	0.795318594	0.538153094	2	1.07483361
xnnC	1.99723351	0.793721441	0.551020461	2	1.07483361
XNNC	1.473057908	0.605980125	0.196761162	2	1.07483361
xNnn	0.395339181	0.064979912	0.014933589	3	0.07495701
xnnx	0.643904083	0.180009599	0.035127504	2	0.14991402
xnNx	0.380189861	0.07672504	0.027227196	2	0.14991402
xNnX	0.53068394	0.15708219	0.023196669	2	0.14991402
XNnx	0.267474626	0.06627408	0.015255004	2	0.14991402
xNRC	1.606651387	1.47400338	1.337915466	1	2.05828421
XNRC	1.86522735	1.497721977	1.190107186	1	2.05828421
xnrn	1.34962314	0.457566655	0.079381496	2	1.05840761
xnrN	1.316239052	0.411593858	0.055899942	2	1.05840761
xnRN	1.326198771	0.401186367	0.060928191	2	1.05840761
xNRN	1.209577591	0.369790073	0.046313318	2	1.05840761
xnRR	1.178952558	1.055801073	0.387096542	1	2.04185821
XnRr	0.931544197	0.869822956	0.027206428	1	2.04185821
xnrx	0.955333147	0.463775161	0.135078541	1	1.13336462
xNrx	0.442305354	0.206733012	0.017694415	1	1.13336462
xNRx	0.889079335	0.539506029	0.082820731	1	1.13336462
XNxC	1.175565833	0.649933114	0.132420724	1	1.14979062
xnxn	1.04668262	0.296667462	0.144854568	2	0.14991402
XNxn	0.738100366	0.161696833	0.032316107	2	0.14991402
xnxr	1.084439846	0.737283701	0.116088395	1	1.13336462
xnXr	1.908034853	1.35374299	0.26211837	1	1.13336462
Xnxr	0.754016041	0.501260637	0.030020663	1	1.13336462
XNxr	0.612266349	0.408378716	0.036225039	1	1.13336462
xNxX	0.331972364	0.124382683	0.015638796	1	0.22487103
xNXx	0.749168682	0.402640686	0.071253274	1	0.22487103
XNXx	0.741385087	0.409070516	0.09982363	1	0.22487103
XrCC	0.044759426	0.87326022	0.945690702	0	3.05816081
XRcC	0.255953755	1.844410689	1.440432259	0	3.05816081
xrcn	2.16112692	1.876918693	1.402464576	1	2.05828421
xrCN	2.634046536	2.149968159	1.50157363	1	2.05828421
xRcN	2.474946372	1.767402921	0.657150521	1	2.05828421
Xrcn	2.61213257	2.292917051	2.319555595	1	2.05828421
XrCN	3.490819777	3.004034594	2.471648155	1	2.05828421
xrcr	0.039734424	1.168246582	0.332513135	0	3.04173481
xRCr	0.052902431	0.839783281	0.078431487	0	3.04173481
XRCR	0.179902363	1.996931616	2.221407381	0	3.04173481
Xrcx	0.163004143	1.42592731	0.281291453	0	2.13324122
XRcx	0.579866106	1.522572293	0.116767662	0	2.13324122
XRCX	1.002002611	2.376626594	0.357138716	0	2.13324122
XrnC	2.439846948	1.837894764	0.465616678	1	2.05828421
Xrnn	1.344073811	0.499660574	0.115840894	2	1.05840761
xrNr	0.674195384	0.509729826	0.016474522	1	2.04185821
xRnR	0.405795587	0.250400908	0.014691319	1	2.04185821
Xrnr	1.726414875	1.117447954	0.030914249	1	2.04185821
XrNr	1.386800727	1.058112151	0.04712699	1	2.04185821
XRnr	0.886214867	0.545936884	0.171098296	1	2.04185821
xrrc	0.138072195	1.35936607	0.402598472	0	3.04173481
XRRc	0.200344327	1.924588618	0.099245736	0	3.04173481
XrRN	2.65503361	2.011204112	0.108482744	1	2.04185821
XRrn	2.784332148	1.821411027	0.147252219	1	2.04185821
xrRR	0.015549988	0.471135312	0.011199189	0	3.02530881
XRrR	0.098520549	1.435549451	0.114447032	0	3.02530881
xRrx	0.101605337	0.59777827	0.049512181	0	2.11681522
XRRx	0.302722212	1.058313976	0.028155947	0	2.11681522
xrXC	0.164185683	0.808217808	0.082831323	0	2.13324122
xRXc	0.061026921	0.587283595	0.027227745	0	2.13324122
XrxC	0.132520212	0.791472495	0.142019998	0	2.13324122
xrXN	1.114043109	0.735434694	0.023434115	1	1.13336462
xRXN	0.983958661	0.666002904	0.014377203	1	1.13336462
XRxN	2.359167812	1.805105614	0.44175631	1	1.13336462
XRXn	1.139063404	0.718165199	0.020732987	1	1.13336462
xRXr	0.034697161	0.447022141	0.013018467	0	2.11681522
XRXr	0.183719417	1.133368537	0.034099217	0	2.11681522
XRXR	0.18700184	0.511790159	0.01010686	0	2.11681522
Xrxx	0.638006981	1.024408581	0.061266093	0	1.20832163
XrxX	0.448601541	0.541092375	0.01967036	0	1.20832163
XRXX	0.724030254	0.866986196	0.00775122	0	1.20832163
XxCc	0.751327419	2.095025639	0.881822806	0	2.14966722
XXcC	1.545201636	2.478666461	2.591150983	0	2.14966722
XXCc	2.015014595	2.829463696	3.961829497	0	2.14966722
xxcn	2.643261815	1.842965012	0.355813847	1	1.14979062
XxCn	2.623966879	1.958020332	0.314130416	1	1.14979062
XxCN	3.172637752	2.454433286	0.754197431	1	1.14979062
xxcX	0.474125699	0.793532363	0.023511456	0	1.22474763
XxCX	1.14707756	1.683364827	0.031689505	0	1.22474763
xxNc	2.530581227	1.781257293	0.463215206	1	1.14979062
Xxnc	2.344949119	1.819818317	0.403904591	1	1.14979062
XxnC	2.55854815	1.80739424	0.922481973	1	1.14979062
xxnN	1.131778341	0.297886245	0.072976705	2	0.14991402
XxNn	0.736117187	0.241787791	0.023126798	2	0.14991402
XXnR	1.423971787	1.038608488	0.059043888	1	1.13336462
xxNx	0.515055049	0.248011714	0.023582787	1	0.22487103
xXNX	0.807139202	0.422946957	0.042072562	1	0.22487103
XxnX	1.52346099	0.942487922	0.194198448	1	0.22487103
XxNX	1.549175677	0.998780412	0.069178803	1	0.22487103
XXNx	0.772311532	0.50220804	0.023292568	1	0.22487103
XXNX	1.95810955	1.287572437	0.065527664	1	0.22487103
xXRc	0.148209258	0.728341119	0.036132203	0	2.13324122
XxrC	0.441394055	1.539302675	0.222373108	0	2.13324122
xxrn	1.664746455	1.096255369	0.062248786	1	1.13336462
xxRn	0.96316333	0.622520317	0.024810771	1	1.13336462
XxRn	1.058490414	0.818887999	0.046438075	1	1.13336462
XXRn	1.556288184	0.966311022	0.035342119	1	1.13336462
XXRN	1.825681755	1.104711407	0.055765883	1	1.13336462
xxRr	0.077067047	0.844656376	0.028450865	0	2.11681522
xXrr	0.049188771	0.639565192	0.034078978	0	2.11681522
xXRR	0.086950991	0.407094923	0.125096136	0	2.11681522
XxrR	0.160212903	0.626339636	0.010291981	0	2.11681522
xxrX	0.251921472	0.456328717	0.010256832	0	1.20832163
xxRx	0.122005909	0.289548486	0.012455053	0	1.20832163
xXRx	0.150633596	0.194367273	0.018571141	0	1.20832163
XXrX	1.04561795	1.452763889	0.034109898	0	1.20832163
xxXc	0.356212645	0.734577453	0.020427731	0	1.22474763
xXxc	0.268577435	0.647755202	0.025396429	0	1.22474763
xXXC	0.783724617	0.970067031	0.117345031	0	1.22474763
XXXc	1.112787558	1.96620392	0.14120284	0	1.22474763
xxXn	0.65756853	0.348504194	0.032396716	1	0.22487103
Xxxn	1.844430863	1.182873478	0.386797529	1	0.22487103
XXXn	1.394673235	0.819960513	0.034479104	1	0.22487103
XXXN	1.897255337	1.134406679	0.066830774	1	0.22487103
xxXR	0.326385332	0.3553165	0.018773584	0	1.20832163
xXXr	0.165725202	0.56468207	0.034221977	0	1.20832163
Xxxr	0.41682443	0.805666274	0.07878069	0	1.20832163
XXxR	0.596966938	0.880732659	0.217585813	0	1.20832163
xxxx	0.495871767	0.464351582	0.057232759	0	0.29982804
xxXx	0.248542206	0.224009905	0.060945662	0	0.29982804
XXxx	0.671732012	0.801211898	0.08933226	0	0.29982804
XXxX	0.539616515	0.49954506	0.018679096	0	0.29982804
XXXx	0.484277235	0.515879893	0.025509871	0	0.29982804
XXXX	0.928658667	0.841124995	0.011849093	0	0.29982804